           1           2   3.90657020       100.000000    
           2           3   3.96392512       100.000000    
           3           4   3.92870164       100.000000    
           4           5   4.00191355       100.000000    
           5           6   3.93953753       100.000000    
           6           7   3.89254665       100.000000    
           7           8   3.80625105       100.000000    
           8           9   3.89621449       100.000000    
           9          10   3.84650326       100.000000    
          10          11   3.86471915       100.000000    
          11          12   3.98671174       100.000000    
          12          13   3.94619513       100.000000    
          13          14   3.89966154       100.000000    
          14          15   3.86060309       100.000000    
          15          16   3.91398859       100.000000    
          16          17   3.87810111       100.000000    
          17          18   3.96992707       100.000000    
          18          19   3.91210699       100.000000    
          19          20   3.96191931       100.000000    
          20          21   3.92683434       100.000000    
          21          22   3.87769842       100.000000    
          22          23   3.89584851       100.000000    
          23          24   3.95382524       100.000000    
          24          25   3.92983341       100.000000    
          25          26   4.00003433       100.000000    
          26          27   3.85662484       100.000000    
          27          28   3.89716554       100.000000    
          28          29   3.84302926       100.000000    
          29          30   3.84281039       100.000000    
          30          31   4.03656101       100.000000    
          31          32   3.91922641       100.000000    
          32          33   3.90274620       100.000000    
          33          34   3.90606594       100.000000    
          34          35   3.95485425       100.000000    
          35          36   3.88274837       100.000000    
          36          37   3.87377262       100.000000    
          37          38   3.90333033       100.000000    
          38          39   3.92249513       100.000000    
          39          40   3.92907262       100.000000    
          40          41   3.89561939       100.000000    
          41          42   3.86231565       100.000000    
          42          43   3.94176483       100.000000    
          43          44   3.96316195       100.000000    
          44          45   3.86607528       100.000000    
          45          46   3.82791066       100.000000    
          46          47   3.85587168       100.000000    
          47          48   3.87789130       100.000000    
          48          49   3.95053554       100.000000    
          49          50   3.90155411       100.000000    
          50          51   3.89861202       100.000000    
          51          52   3.93827772       100.000000    
          52          53   3.85465479       100.000000    
          53          54   3.95174694       100.000000    
          54          55   3.95401168       100.000000    
          55          56   3.88542318       100.000000    
          56         384   3.88419557       100.000000    
          57          59   5.13648796       200.000000    
          57          60   5.26149559       200.000000    
          57          61   5.74825001       200.000000    
          58          60   5.59313202       200.000000    
          58          61   5.09657907       200.000000    
          58          62   5.98353291       200.000000    
          59          61   5.45626307       200.000000    
          59          62   5.05264330       200.000000    
          59          63   6.19949055       200.000000    
          60          62   5.34567356       200.000000    
          60          63   4.82854271       200.000000    
          60          64   6.38886118       200.000000    
          61          63   5.43966198       200.000000    
          61          64   5.30885077       200.000000    
          62          64   5.46781206       200.000000    
          62          65   7.20606375       200.000000    
          63          65   6.42987537       200.000000    
          64          66   7.03952360       200.000000    
          65          67   5.96502161       200.000000    
          66          68   6.31131506       200.000000    
          67          69   7.42448807       200.000000    
          67         151   6.99150324       200.000000    
          67         152   5.95781231       200.000000    
          68          70   6.47189903       200.000000    
          68          93   6.48551369       200.000000    
          68         150   7.37559128       200.000000    
          68         151   5.07373142       200.000000    
          68         152   5.20577765       200.000000    
          68         153   6.18314552       200.000000    
          69          71   6.82370520       200.000000    
          69          92   6.99599504       200.000000    
          69          93   4.69407225       200.000000    
          69          94   6.33919668       200.000000    
          69         151   5.96743917       200.000000    
          69         152   5.96540022       200.000000    
          69         153   4.61127043       200.000000    
          69         154   5.72722483       200.000000    
          70          72   6.56294394       200.000000    
          70          93   5.18872213       200.000000    
          70          94   4.65456104       200.000000    
          70          95   5.80085802       200.000000    
          70          96   7.14452553       200.000000    
          70         148   6.76500511       200.000000    
          70         151   6.54721880       200.000000    
          70         153   6.33562756       200.000000    
          70         154   4.83633518       200.000000    
          70         155   6.12054729       200.000000    
          71          73   6.57701015       200.000000    
          71          93   6.84072208       200.000000    
          71          94   6.12807131       200.000000    
          71          95   4.92687702       200.000000    
          71          96   5.79630804       200.000000    
          71         154   5.84080076       200.000000    
          71         155   4.65850306       200.000000    
          71         156   6.09777784       200.000000    
          71         157   7.35368443       200.000000    
          72          74   6.27212286       200.000000    
          72          95   6.27018166       200.000000    
          72          96   4.51743555       200.000000    
          72          97   5.72524023       200.000000    
          72          98   7.44978809       200.000000    
          72         154   7.26013708       200.000000    
          72         155   6.02627802       200.000000    
          72         156   4.79133844       200.000000    
          72         157   6.02598763       200.000000    
          73          75   6.70543528       200.000000    
          73          78   3.99021411       200.000000    
          73          79   5.21517849       200.000000    
          73          81   6.76953840       200.000000    
          73          82   5.88748169       200.000000    
          73          96   6.19127798       200.000000    
          73          97   4.89459133       200.000000    
          73          98   6.34630108       200.000000    
          73         156   5.99809456       200.000000    
          73         157   4.81324339       200.000000    
          73         158   5.52778530       200.000000    
          74          76   6.91400242       200.000000    
          74          77   7.42212963       200.000000    
          74          78   4.45509815       200.000000    
          74          79   5.98962307       200.000000    
          74          97   5.96995831       200.000000    
          74          98   5.01732683       200.000000    
          74          99   5.83586550       200.000000    
          74         156   7.49462175       200.000000    
          74         157   6.47251558       200.000000    
          74         158   5.30498219       200.000000    
          74         164   6.88460112       200.000000    
          74         165   5.01688004       200.000000    
          74         168   7.14452124       200.000000    
          74         169   6.55324316       200.000000    
          75          77   5.78877020       200.000000    
          75          78   4.98701715       200.000000    
          75          79   5.84688282       200.000000    
          75          98   6.36663055       200.000000    
          75          99   4.83446836       200.000000    
          75         100   7.25655508       200.000000    
          75         158   6.49391556       200.000000    
          75         164   5.07567549       200.000000    
          75         165   4.58043432       200.000000    
          76          78   5.25054836       200.000000    
          76          79   4.87099934       200.000000    
          76          80   5.98662090       200.000000    
          76          99   7.15105963       200.000000    
          76         104   6.13361168       200.000000    
          77          79   5.57879114       200.000000    
          77          80   5.14353800       200.000000    
          77          81   6.42065573       200.000000    
          77         158   5.69206715       200.000000    
          77         159   5.41246510       200.000000    
          78          80   5.46309280       200.000000    
          78          81   5.26373005       200.000000    
          78          82   6.51595497       200.000000    
          78          97   7.35114574       200.000000    
          78         157   5.67724609       200.000000    
          78         158   3.88622403       200.000000    
          78         159   6.25109100       200.000000    
          78         165   7.07793093       200.000000    
          79          81   5.39474487       200.000000    
          79          82   5.10043764       200.000000    
          79          83   6.13977861       200.000000    
          79          97   5.53593016       200.000000    
          79          98   6.93657446       200.000000    
          79         104   7.45003033       200.000000    
          79         105   6.89749384       200.000000    
          79         108   6.01788044       200.000000    
          80          82   5.45620632       200.000000    
          80          83   5.23321152       200.000000    
          80          84   6.55479288       200.000000    
          80         108   6.82111835       200.000000    
          81          83   5.60835266       200.000000    
          81          84   5.47814751       200.000000    
          81          85   6.35074663       200.000000    
          81         242   6.89092112       200.000000    
          81         245   7.13210726       200.000000    
          81         246   6.24180269       200.000000    
          82          84   5.35357332       200.000000    
          82          85   4.96073914       200.000000    
          82          86   5.88367987       200.000000    
          82          95   6.71793365       200.000000    
          82          96   7.28619289       200.000000    
          82          97   6.57622576       200.000000    
          82         109   6.98785019       200.000000    
          82         110   6.51981068       200.000000    
          83          85   5.65748358       200.000000    
          83          86   5.08873653       200.000000    
          83          87   6.18058634       200.000000    
          83         108   5.36359596       200.000000    
          83         109   4.54177523       200.000000    
          83         110   6.17875862       200.000000    
          84          86   5.38234949       200.000000    
          84          87   5.27987814       200.000000    
          84          88   5.72568750       200.000000    
          85          87   5.88800383       200.000000    
          85          88   5.40844059       200.000000    
          85          89   5.75122976       200.000000    
          85          90   5.39849281       200.000000    
          85         246   7.13448906       200.000000    
          85         250   7.01208019       200.000000    
          86          88   5.69157362       200.000000    
          86          89   4.95873308       200.000000    
          86          90   6.47075510       200.000000    
          86          95   6.92077398       200.000000    
          86         109   6.26732683       200.000000    
          86         110   5.61746120       200.000000    
          87          89   5.23449898       200.000000    
          87         109   7.31348562       200.000000    
          88          90   6.49815035       200.000000    
          89          91   6.35544348       200.000000    
          90          92   6.72414732       200.000000    
          90          93   6.61547089       200.000000    
          90         250   6.52693939       200.000000    
          90         254   7.03322792       200.000000    
          91          93   5.92317486       200.000000    
          91         254   5.96938515       200.000000    
          91         257   6.21714115       200.000000    
          91         258   6.26028252       200.000000    
          92          94   7.08406210       200.000000    
          92         257   5.41752291       200.000000    
          92         258   7.38004112       200.000000    
          93          95   6.58253765       200.000000    
          94          96   6.79571104       200.000000    
          94         111   6.36094570       200.000000    
          95          97   6.75789881       200.000000    
          95         110   5.40071726       200.000000    
          95         111   5.02290916       200.000000    
          95         112   6.51196957       200.000000    
          96          98   6.65074921       200.000000    
          96         110   5.97586727       200.000000    
          96         111   6.12049246       200.000000    
          96         112   5.20686769       200.000000    
          96         113   5.95125532       200.000000    
          96         147   7.45706463       200.000000    
          97          99   6.78755808       200.000000    
          97         105   7.38453484       200.000000    
          97         110   6.30872059       200.000000    
          97         112   6.50410461       200.000000    
          97         113   4.89317894       200.000000    
          97         114   6.37799406       200.000000    
          98         100   7.04609251       200.000000    
          98         105   6.91509867       200.000000    
          98         113   5.72088146       200.000000    
          98         114   4.77163887       200.000000    
          98         115   5.71884680       200.000000    
          98         116   6.55331230       200.000000    
          99         101   5.41377926       200.000000    
          99         102   6.90578318       200.000000    
          99         105   6.08663321       200.000000    
          99         114   6.76677179       200.000000    
          99         115   5.39159155       200.000000    
          99         116   5.77572775       200.000000    
          99         164   6.56354427       200.000000    
         100         102   6.02109385       200.000000    
         100         115   5.59167480       200.000000    
         100         116   5.06375265       200.000000    
         100         117   5.96974087       200.000000    
         100         118   7.12858057       200.000000    
         100         121   6.64055872       200.000000    
         100         122   7.48573875       200.000000    
         100         123   5.60934734       200.000000    
         100         124   5.65433216       200.000000    
         100         125   5.24337530       200.000000    
         100         126   6.66659594       200.000000    
         100         133   7.48508453       200.000000    
         100         136   7.37309790       200.000000    
         100         164   6.60243893       200.000000    
         101         103   5.40539598       200.000000    
         101         104   5.63935137       200.000000    
         101         105   6.23626900       200.000000    
         101         115   7.44092417       200.000000    
         101         123   5.01282310       200.000000    
         101         124   4.30239773       200.000000    
         101         125   4.25526667       200.000000    
         102         104   5.63882399       200.000000    
         102         105   4.93796015       200.000000    
         102         106   5.89188623       200.000000    
         102         115   6.54595423       200.000000    
         102         123   4.55869675       200.000000    
         102         124   6.14945745       200.000000    
         103         105   5.36283779       200.000000    
         103         106   5.27093983       200.000000    
         103         107   6.78888845       200.000000    
         103         123   7.39765310       200.000000    
         104         106   5.75085163       200.000000    
         104         107   5.46713161       200.000000    
         104         108   6.33783388       200.000000    
         105         107   5.45741177       200.000000    
         105         108   4.99889612       200.000000    
         105         113   7.28969955       200.000000    
         105         115   7.37357092       200.000000    
         106         108   5.52827978       200.000000    
         107         109   6.59771204       200.000000    
         108         110   6.76301432       200.000000    
         109         111   7.32071733       200.000000    
         110         112   5.21517754       200.000000    
         110         113   6.35517693       200.000000    
         111         113   6.88379765       200.000000    
         112         114   6.74793148       200.000000    
         113         115   6.63143539       200.000000    
         114         116   5.92717981       200.000000    
         114         143   7.24470472       200.000000    
         114         144   7.39903784       200.000000    
         115         117   6.84329605       200.000000    
         115         118   6.64020061       200.000000    
         115         123   7.13069105       200.000000    
         116         118   5.66287184       200.000000    
         116         136   5.31764936       200.000000    
         116         137   5.73697424       200.000000    
         116         139   7.11569214       200.000000    
         116         140   5.45961905       200.000000    
         117         119   5.37005949       200.000000    
         117         120   4.85877991       200.000000    
         117         121   5.57147932       200.000000    
         117         122   6.66093302       200.000000    
         117         135   7.36341143       200.000000    
         117         136   3.75608373       200.000000    
         117         137   6.37425566       200.000000    
         117         139   5.93467522       200.000000    
         117         140   6.41443634       200.000000    
         118         120   5.60736656       200.000000    
         118         121   5.64590406       200.000000    
         118         122   4.39459229       200.000000    
         118         123   5.79422092       200.000000    
         119         121   6.04759264       200.000000    
         119         122   5.62901258       200.000000    
         120         122   5.78967667       200.000000    
         120         132   7.40552568       200.000000    
         120         136   6.40872002       200.000000    
         121         123   5.90592909       200.000000    
         121         124   5.25795126       200.000000    
         121         125   6.85587025       200.000000    
         121         126   6.89799213       200.000000    
         122         124   5.26298571       200.000000    
         123         125   6.94169140       200.000000    
         124         126   6.72911310       200.000000    
         125         127   5.56892920       200.000000    
         125         164   7.24268484       200.000000    
         126         128   5.34840965       200.000000    
         126         129   5.61271048       200.000000    
         126         130   7.12301064       200.000000    
         126         132   5.68387985       200.000000    
         126         133   6.15725756       200.000000    
         126         163   4.87413740       200.000000    
         126         164   5.60675049       200.000000    
         127         129   5.58381701       200.000000    
         127         163   6.22024202       200.000000    
         128         130   6.13693237       200.000000    
         128         161   7.42882538       200.000000    
         128         162   4.49958515       200.000000    
         128         163   3.80535579       200.000000    
         128         164   7.26954174       200.000000    
         129         131   5.44055462       200.000000    
         129         132   5.79872704       200.000000    
         129         133   7.09637022       200.000000    
         129         162   6.78252506       200.000000    
         129         163   4.03525448       200.000000    
         130         132   5.39094639       200.000000    
         130         133   5.02382326       200.000000    
         130         134   6.13625956       200.000000    
         130         162   6.59000969       200.000000    
         130         163   3.62738180       200.000000    
         130         164   6.03493357       200.000000    
         130         166   5.56186295       200.000000    
         130         167   4.40752554       200.000000    
         130         201   7.06724358       200.000000    
         131         133   5.45377922       200.000000    
         131         134   5.02787161       200.000000    
         131         135   6.16897202       200.000000    
         131         163   6.81188154       200.000000    
         131         167   5.84456491       200.000000    
         132         134   5.36109066       200.000000    
         132         135   5.20660830       200.000000    
         132         136   5.87175989       200.000000    
         132         163   6.43486309       200.000000    
         132         164   6.96346951       200.000000    
         132         167   6.93720150       200.000000    
         133         135   5.75202894       200.000000    
         133         136   5.10366631       200.000000    
         133         137   6.00820303       200.000000    
         133         163   5.32352924       200.000000    
         133         164   3.96579814       200.000000    
         133         165   6.67047501       200.000000    
         133         166   6.86352396       200.000000    
         133         167   4.21023846       200.000000    
         133         168   4.96087790       200.000000    
         134         136   5.48373079       200.000000    
         134         137   5.25350475       200.000000    
         134         138   6.34766293       200.000000    
         134         164   7.18535709       200.000000    
         134         167   3.86963797       200.000000    
         134         168   4.53540134       200.000000    
         134         171   6.78457117       200.000000    
         135         137   5.51480103       200.000000    
         135         138   4.91136456       200.000000    
         135         139   6.36250687       200.000000    
         136         138   5.21751165       200.000000    
         136         139   5.08823442       200.000000    
         136         140   6.26817322       200.000000    
         136         168   7.13852406       200.000000    
         137         139   5.41104698       200.000000    
         137         140   5.10382223       200.000000    
         137         141   5.99984789       200.000000    
         137         168   5.02603483       200.000000    
         137         171   6.25941181       200.000000    
         138         140   5.33582449       200.000000    
         138         141   5.11808205       200.000000    
         138         171   6.79416847       200.000000    
         139         141   5.68739176       200.000000    
         140         142   5.71209717       200.000000    
         140         143   5.30781555       200.000000    
         140         144   6.26620626       200.000000    
         141         143   5.55569124       200.000000    
         141         144   5.05994463       200.000000    
         141         145   5.71987581       200.000000    
         141         175   7.41003609       200.000000    
         142         144   5.37779713       200.000000    
         142         145   4.86564970       200.000000    
         142         146   5.93536615       200.000000    
         143         145   5.61994171       200.000000    
         143         146   5.37876081       200.000000    
         143         147   6.52921724       200.000000    
         144         146   5.34472561       200.000000    
         144         147   4.96598053       200.000000    
         144         148   6.56051874       200.000000    
         144         172   7.38393259       200.000000    
         145         147   5.46603155       200.000000    
         145         148   5.59814739       200.000000    
         145         149   5.44823074       200.000000    
         145         175   6.21952152       200.000000    
         145         176   7.42507219       200.000000    
         146         148   5.83099651       200.000000    
         146         149   4.89933014       200.000000    
         147         149   5.71782875       200.000000    
         148         150   5.87264490       200.000000    
         148         151   5.33631945       200.000000    
         148         176   7.04506350       200.000000    
         149         151   5.65509605       200.000000    
         149         179   6.50790358       200.000000    
         150         152   6.87288475       200.000000    
         151         153   5.55124950       200.000000    
         151         154   6.78502560       200.000000    
         151         181   6.07859325       200.000000    
         152         154   6.84634209       200.000000    
         152         180   7.41920090       200.000000    
         152         181   4.76047468       200.000000    
         152         182   5.96387386       200.000000    
         153         155   6.88538027       200.000000    
         153         181   5.18192148       200.000000    
         153         182   4.57283735       200.000000    
         153         183   6.14443207       200.000000    
         154         156   6.46863317       200.000000    
         154         176   6.84744644       200.000000    
         154         181   6.48592424       200.000000    
         154         182   6.17505550       200.000000    
         154         183   5.01852131       200.000000    
         154         184   5.99686337       200.000000    
         155         157   6.40511799       200.000000    
         155         183   6.30888557       200.000000    
         155         184   4.84653425       200.000000    
         155         185   5.47207069       200.000000    
         155         186   7.13247728       200.000000    
         156         158   6.78373146       200.000000    
         156         169   6.61657906       200.000000    
         156         173   7.31719589       200.000000    
         156         184   6.24548388       200.000000    
         156         185   4.38199377       200.000000    
         156         186   6.08930016       200.000000    
         157         159   7.19823980       200.000000    
         157         185   5.69948292       200.000000    
         157         186   4.83252525       200.000000    
         157         187   5.35073519       200.000000    
         158         160   6.39923000       200.000000    
         158         165   5.68715382       200.000000    
         158         169   7.44740629       200.000000    
         158         186   7.01928663       200.000000    
         158         187   5.18988752       200.000000    
         158         188   6.92632866       200.000000    
         159         161   6.38607740       200.000000    
         159         162   7.37041712       200.000000    
         159         165   6.29273605       200.000000    
         159         166   7.40259123       200.000000    
         159         187   5.52105999       200.000000    
         159         188   4.94016647       200.000000    
         159         189   6.51529789       200.000000    
         159         190   7.30855179       200.000000    
         160         162   5.88170862       200.000000    
         160         165   5.96972895       200.000000    
         160         166   4.96970272       200.000000    
         160         187   6.68759346       200.000000    
         160         188   6.07035828       200.000000    
         160         189   5.57177496       200.000000    
         160         190   6.61027718       200.000000    
         160         201   7.48607016       200.000000    
         160         202   4.70429850       200.000000    
         160         205   7.01642513       200.000000    
         161         163   6.82360601       200.000000    
         161         165   7.37336683       200.000000    
         161         166   5.92385912       200.000000    
         161         189   7.06107759       200.000000    
         161         190   6.34413099       200.000000    
         161         198   4.60211086       200.000000    
         161         199   5.90603638       200.000000    
         161         201   5.52208281       200.000000    
         161         202   4.30805159       200.000000    
         162         164   5.85491800       200.000000    
         162         165   5.97721910       200.000000    
         162         166   5.97528601       200.000000    
         162         198   6.86816216       200.000000    
         163         165   6.04644966       200.000000    
         163         166   5.72621202       200.000000    
         163         167   6.00942898       200.000000    
         164         166   5.66047430       200.000000    
         164         167   5.46783638       200.000000    
         164         168   5.89772654       200.000000    
         165         167   5.58661222       200.000000    
         165         168   5.57942438       200.000000    
         165         169   5.70502186       200.000000    
         166         168   5.94902897       200.000000    
         166         169   5.95844460       200.000000    
         166         201   7.22977734       200.000000    
         166         202   6.38536167       200.000000    
         166         205   5.13103533       200.000000    
         167         169   5.97780704       200.000000    
         167         170   6.60078669       200.000000    
         167         205   6.52130651       200.000000    
         168         170   5.59860945       200.000000    
         168         171   5.08959389       200.000000    
         168         172   6.33328772       200.000000    
         169         171   5.53100348       200.000000    
         169         172   5.23367119       200.000000    
         169         173   6.26476049       200.000000    
         169         209   6.83426666       200.000000    
         170         172   5.58034229       200.000000    
         170         173   5.06439304       200.000000    
         170         174   6.31813145       200.000000    
         170         205   7.37585449       200.000000    
         170         208   6.05384922       200.000000    
         170         209   4.52667665       200.000000    
         170         212   6.35387564       200.000000    
         171         173   5.32377863       200.000000    
         171         174   5.28214312       200.000000    
         171         175   6.32244062       200.000000    
         172         174   5.58702707       200.000000    
         172         175   5.20320988       200.000000    
         172         176   5.88075256       200.000000    
         173         175   5.48749256       200.000000    
         173         176   4.89447069       200.000000    
         173         177   6.30291843       200.000000    
         173         183   6.45644331       200.000000    
         173         209   7.21816015       200.000000    
         173         212   5.48417807       200.000000    
         173         213   6.13985014       200.000000    
         174         176   5.43373489       200.000000    
         174         177   5.34875488       200.000000    
         174         178   6.17289209       200.000000    
         174         212   5.22760487       200.000000    
         175         177   5.53960228       200.000000    
         175         178   5.03139353       200.000000    
         175         179   6.27391624       200.000000    
         176         178   5.53457880       200.000000    
         176         179   5.42251158       200.000000    
         176         180   6.68615532       200.000000    
         176         181   5.54208517       200.000000    
         176         183   6.25264692       200.000000    
         177         179   5.22342443       200.000000    
         177         180   4.77031231       200.000000    
         177         181   5.04653931       200.000000    
         177         182   6.83315372       200.000000    
         177         183   6.19550514       200.000000    
         177         212   7.44160748       200.000000    
         178         180   5.17983484       200.000000    
         178         181   7.37588739       200.000000    
         179         181   5.82090282       200.000000    
         180         182   6.89627838       200.000000    
         181         183   5.62255907       200.000000    
         182         184   6.61120319       200.000000    
         182         214   6.61588526       200.000000    
         182         270   7.12408686       200.000000    
         182         274   6.54083824       200.000000    
         183         185   6.96247721       200.000000    
         183         213   5.33158398       200.000000    
         183         214   5.41642857       200.000000    
         183         215   6.79413176       200.000000    
         184         186   6.97217846       200.000000    
         184         213   5.73359299       200.000000    
         184         214   5.95606995       200.000000    
         184         215   4.78284979       200.000000    
         184         216   5.81172466       200.000000    
         185         187   6.11880255       200.000000    
         185         213   6.76806498       200.000000    
         185         215   6.44508696       200.000000    
         185         216   4.90888786       200.000000    
         185         217   5.79443884       200.000000    
         186         188   6.95986271       200.000000    
         186         216   6.49517250       200.000000    
         186         217   4.68598700       200.000000    
         186         218   5.95706272       200.000000    
         186         219   7.47504139       200.000000    
         186         249   6.76586103       200.000000    
         187         189   6.82194233       200.000000    
         187         217   6.28148794       200.000000    
         187         218   5.22347164       200.000000    
         187         219   6.11350822       200.000000    
         188         190   6.47714281       200.000000    
         188         218   5.64997578       200.000000    
         188         219   4.37905645       200.000000    
         188         220   5.73287821       200.000000    
         188         221   6.11869097       200.000000    
         189         191   6.73619747       200.000000    
         189         199   6.90431213       200.000000    
         189         202   6.41245651       200.000000    
         189         218   7.17068768       200.000000    
         189         219   6.06645966       200.000000    
         189         220   4.88895273       200.000000    
         189         221   5.77986622       200.000000    
         190         192   6.51851463       200.000000    
         190         194   6.35529852       200.000000    
         190         198   6.89360237       200.000000    
         190         199   5.96605635       200.000000    
         190         202   7.42004776       200.000000    
         190         220   6.96254539       200.000000    
         190         221   5.72571182       200.000000    
         190         222   6.82804537       200.000000    
         191         193   5.56745481       200.000000    
         191         194   5.51124573       200.000000    
         191         221   5.28522444       200.000000    
         191         222   4.49174261       200.000000    
         192         194   5.25630188       200.000000    
         192         195   6.04400158       200.000000    
         192         196   7.22567701       200.000000    
         192         222   6.26294327       200.000000    
         193         195   5.59400749       200.000000    
         194         196   7.01405430       200.000000    
         194         198   6.21476507       200.000000    
         195         197   5.34405375       200.000000    
         195         198   5.71085215       200.000000    
         195         199   6.84557295       200.000000    
         196         198   5.57937622       200.000000    
         196         199   5.05549479       200.000000    
         196         200   5.98663855       200.000000    
         196         380   6.64301348       200.000000    
         197         199   5.52027798       200.000000    
         197         200   5.37487173       200.000000    
         197         201   6.52919912       200.000000    
         198         200   5.76917028       200.000000    
         198         201   5.52256775       200.000000    
         198         202   6.10140324       200.000000    
         199         201   5.53788805       200.000000    
         199         202   4.69169426       200.000000    
         199         203   5.87502575       200.000000    
         199         379   6.78876925       200.000000    
         199         380   6.24241829       200.000000    
         199         381   6.85795069       200.000000    
         200         202   5.20555210       200.000000    
         200         203   4.87739372       200.000000    
         200         204   6.21728277       200.000000    
         200         379   4.65814257       200.000000    
         200         380   6.06781960       200.000000    
         201         203   5.40432882       200.000000    
         201         204   5.19033527       200.000000    
         201         205   5.94878864       200.000000    
         202         204   5.50684023       200.000000    
         202         205   5.04150105       200.000000    
         202         206   6.07616997       200.000000    
         203         205   5.41633701       200.000000    
         203         206   4.93679810       200.000000    
         203         207   6.36444521       200.000000    
         203         377   7.14739466       200.000000    
         203         378   6.72095823       200.000000    
         203         379   5.70838070       200.000000    
         203         380   7.42842960       200.000000    
         203         381   6.50495625       200.000000    
         204         206   5.35589218       200.000000    
         204         207   5.17178822       200.000000    
         204         208   6.37441063       200.000000    
         205         207   5.45940018       200.000000    
         205         208   5.21412516       200.000000    
         205         209   6.03129005       200.000000    
         206         208   5.66036367       200.000000    
         206         209   5.06183863       200.000000    
         206         210   5.95878935       200.000000    
         207         209   5.30257988       200.000000    
         207         210   4.90871525       200.000000    
         207         211   6.66889811       200.000000    
         208         210   5.56866312       200.000000    
         208         211   5.37092686       200.000000    
         208         212   7.17155695       200.000000    
         209         211   5.18897772       200.000000    
         209         212   5.44060278       200.000000    
         209         213   6.38351345       200.000000    
         210         212   5.72965908       200.000000    
         210         213   5.68664074       200.000000    
         210         216   6.38324118       200.000000    
         210         277   7.40888166       200.000000    
         210         278   7.33455801       200.000000    
         211         213   5.99282551       200.000000    
         212         214   7.22528744       200.000000    
         213         215   5.29090834       200.000000    
         213         216   6.04193926       200.000000    
         213         277   7.44828653       200.000000    
         214         216   6.82557917       200.000000    
         214         273   6.22856140       200.000000    
         214         274   4.91788673       200.000000    
         214         275   5.26868439       200.000000    
         214         276   6.08459616       200.000000    
         214         277   5.95799637       200.000000    
         215         217   6.43149757       200.000000    
         215         273   5.81002903       200.000000    
         215         274   6.85467005       200.000000    
         215         275   6.59358311       200.000000    
         215         276   4.69594193       200.000000    
         215         277   4.70766115       200.000000    
         215         278   5.99072599       200.000000    
         215         279   6.82810783       200.000000    
         216         218   6.41562748       200.000000    
         216         276   7.29763556       200.000000    
         216         277   5.84334660       200.000000    
         216         278   4.80403662       200.000000    
         216         279   5.71140099       200.000000    
         217         219   6.67468548       200.000000    
         217         278   6.16079426       200.000000    
         217         279   4.55887032       200.000000    
         217         280   5.36158371       200.000000    
         217         281   7.31927109       200.000000    
         218         220   6.42041826       200.000000    
         218         279   6.31023932       200.000000    
         218         280   5.44226265       200.000000    
         219         221   5.99308777       200.000000    
         219         280   6.56175613       200.000000    
         219         281   7.17784166       200.000000    
         219         304   6.41045332       200.000000    
         220         222   5.43242407       200.000000    
         220         223   5.59941912       200.000000    
         220         304   6.42753983       200.000000    
         221         223   5.42005157       200.000000    
         221         224   5.40320444       200.000000    
         221         241   6.29052305       200.000000    
         222         224   5.21330547       200.000000    
         222         225   6.00735569       200.000000    
         223         225   5.41294241       200.000000    
         223         226   5.37572241       200.000000    
         223         227   6.88947630       200.000000    
         223         303   5.74086666       200.000000    
         223         304   5.64639473       200.000000    
         224         226   5.25705624       200.000000    
         224         227   5.09513903       200.000000    
         224         228   6.31578159       200.000000    
         224         229   6.98328018       200.000000    
         224         241   7.43174887       200.000000    
         224         304   7.26239109       200.000000    
         225         227   5.46124601       200.000000    
         225         228   5.16213369       200.000000    
         225         232   6.57516050       200.000000    
         226         228   5.55807257       200.000000    
         226         303   6.49039173       200.000000    
         227         229   4.92106152       200.000000    
         227         302   7.37186813       200.000000    
         227         303   6.51024246       200.000000    
         228         230   5.18515730       200.000000    
         228         231   4.18191671       200.000000    
         228         232   5.36885166       200.000000    
         229         231   5.56783438       200.000000    
         229         232   7.14778280       200.000000    
         229         240   7.42898607       200.000000    
         230         232   4.76262331       200.000000    
         230         233   7.28464985       200.000000    
         230         236   6.62125540       200.000000    
         230         237   7.29039192       200.000000    
         230         240   5.91700125       200.000000    
         231         233   6.14384127       200.000000    
         232         234   6.17183828       200.000000    
         232         236   6.75479317       200.000000    
         232         237   6.72444725       200.000000    
         233         235   5.51759100       200.000000    
         233         236   5.72551107       200.000000    
         233         237   6.80599928       200.000000    
         234         236   5.48624992       200.000000    
         234         237   5.07627058       200.000000    
         235         237   5.77746582       200.000000    
         236         238   5.51129341       200.000000    
         236         239   4.91417885       200.000000    
         236         240   6.08805752       200.000000    
         237         239   5.53656912       200.000000    
         237         240   5.35881853       200.000000    
         237         241   6.66606379       200.000000    
         238         240   5.07488155       200.000000    
         238         241   4.99188662       200.000000    
         238         242   6.22216082       200.000000    
         239         241   5.74477816       200.000000    
         239         242   5.18997717       200.000000    
         239         243   6.57629061       200.000000    
         240         242   5.20954657       200.000000    
         240         243   5.08550072       200.000000    
         240         244   6.44444847       200.000000    
         241         243   5.39035797       200.000000    
         241         244   5.04069948       200.000000    
         241         245   6.10495186       200.000000    
         242         244   5.48003244       200.000000    
         242         245   5.22133541       200.000000    
         242         246   6.10218954       200.000000    
         243         245   5.72993469       200.000000    
         243         246   5.45341825       200.000000    
         243         247   6.21852303       200.000000    
         244         246   5.61046553       200.000000    
         244         247   5.16267300       200.000000    
         244         248   6.10898304       200.000000    
         245         247   5.48123360       200.000000    
         245         248   5.03307962       200.000000    
         245         249   6.11779690       200.000000    
         246         248   5.36486483       200.000000    
         246         249   5.32345629       200.000000    
         246         250   5.61761951       200.000000    
         247         249   5.73960876       200.000000    
         247         250   5.47824907       200.000000    
         247         251   5.36220455       200.000000    
         248         250   5.78455973       200.000000    
         248         251   5.05772734       200.000000    
         248         252   6.00367880       200.000000    
         248         281   7.49296808       200.000000    
         248         365   7.16334772       200.000000    
         249         251   5.18798828       200.000000    
         249         252   5.08491945       200.000000    
         249         253   5.97128725       200.000000    
         250         252   5.52526188       200.000000    
         250         253   5.01861954       200.000000    
         250         254   5.60583353       200.000000    
         251         253   5.46470404       200.000000    
         251         254   5.32782602       200.000000    
         251         255   5.95440912       200.000000    
         251         319   6.71776724       200.000000    
         251         365   6.80389881       200.000000    
         252         254   5.72062492       200.000000    
         252         255   5.21501589       200.000000    
         252         256   6.85528851       200.000000    
         252         319   7.34010744       200.000000    
         253         255   5.41245222       200.000000    
         253         256   5.48879623       200.000000    
         253         257   6.27963638       200.000000    
         254         256   5.25014877       200.000000    
         254         257   4.83034563       200.000000    
         254         258   4.91592741       200.000000    
         255         257   5.81600761       200.000000    
         255         258   6.02296877       200.000000    
         255         264   7.40351820       200.000000    
         255         319   5.80305243       200.000000    
         255         351   5.83762455       200.000000    
         256         258   6.12146044       200.000000    
         256         264   6.38200903       200.000000    
         256         266   6.75060463       200.000000    
         257         259   6.65386963       200.000000    
         258         260   6.14025354       200.000000    
         258         353   6.85877848       200.000000    
         259         261   7.23316145       200.000000    
         259         263   6.96523762       200.000000    
         259         353   6.59958410       200.000000    
         260         262   5.04442549       200.000000    
         260         263   6.54496431       200.000000    
         260         351   6.62306261       200.000000    
         260         352   5.08944559       200.000000    
         260         353   4.05732918       200.000000    
         260         354   6.62895393       200.000000    
         261         263   7.05223370       200.000000    
         261         327   7.35164404       200.000000    
         261         328   6.25724173       200.000000    
         261         351   7.28697968       200.000000    
         261         352   5.24896574       200.000000    
         261         353   6.11568213       200.000000    
         262         264   6.32364893       200.000000    
         262         351   6.06022406       200.000000    
         262         352   6.19777536       200.000000    
         263         265   6.28370476       200.000000    
         263         351   7.14048433       200.000000    
         264         266   6.47854900       200.000000    
         264         349   7.46664619       200.000000    
         264         350   7.14276457       200.000000    
         264         351   5.88710499       200.000000    
         265         267   5.36351776       200.000000    
         265         268   5.25749016       200.000000    
         265         269   6.33758974       200.000000    
         266         268   5.57827711       200.000000    
         266         269   4.99942350       200.000000    
         266         270   6.16380644       200.000000    
         267         269   5.32935286       200.000000    
         267         270   5.05050087       200.000000    
         267         271   6.24113941       200.000000    
         268         270   5.49103165       200.000000    
         268         271   5.20342684       200.000000    
         268         272   6.64787817       200.000000    
         268         349   7.11483622       200.000000    
         269         271   5.41799641       200.000000    
         269         272   5.40747976       200.000000    
         269         273   6.07648182       200.000000    
         269         349   6.75923157       200.000000    
         270         272   5.50897217       200.000000    
         270         273   5.06385136       200.000000    
         270         274   5.44614410       200.000000    
         271         273   5.74730825       200.000000    
         271         274   5.56540823       200.000000    
         271         275   7.43524265       200.000000    
         272         274   5.73740339       200.000000    
         272         275   6.47410393       200.000000    
         272         276   6.10105085       200.000000    
         272         315   6.59471798       200.000000    
         272         347   6.86354542       200.000000    
         273         275   5.45111799       200.000000    
         273         276   4.77479601       200.000000    
         274         276   5.94436550       200.000000    
         275         277   5.53406000       200.000000    
         276         278   6.22359037       200.000000    
         276         279   6.82729626       200.000000    
         276         315   7.49348927       200.000000    
         276         369   4.87246513       200.000000    
         276         370   5.22877407       200.000000    
         277         279   6.55523157       200.000000    
         277         369   6.47649050       200.000000    
         277         370   5.24307919       200.000000    
         277         372   6.63936520       200.000000    
         278         280   7.12608194       200.000000    
         278         369   6.00649595       200.000000    
         278         370   5.37333918       200.000000    
         278         371   5.79769659       200.000000    
         278         372   5.01782513       200.000000    
         279         281   6.92445660       200.000000    
         279         367   6.41786337       200.000000    
         279         368   5.19545746       200.000000    
         279         369   4.26464891       200.000000    
         279         370   5.98483419       200.000000    
         279         371   6.09550190       200.000000    
         280         282   7.05296755       200.000000    
         280         304   7.11229992       200.000000    
         280         305   5.36131334       200.000000    
         280         367   5.82510281       200.000000    
         280         368   5.50956535       200.000000    
         280         369   6.85015774       200.000000    
         281         283   6.54295254       200.000000    
         281         304   6.14859009       200.000000    
         281         305   5.38773727       200.000000    
         281         365   6.96634531       200.000000    
         281         366   5.23454475       200.000000    
         281         367   4.53313065       200.000000    
         281         368   6.29165936       200.000000    
         282         284   6.81367350       200.000000    
         282         299   4.41233301       200.000000    
         282         300   6.01192045       200.000000    
         282         301   7.33561039       200.000000    
         282         302   5.06186533       200.000000    
         282         303   7.39182281       200.000000    
         282         304   5.58743477       200.000000    
         282         305   5.18287230       200.000000    
         282         365   6.07471466       200.000000    
         282         366   5.03390360       200.000000    
         282         367   6.80144310       200.000000    
         283         285   7.20971823       200.000000    
         283         298   6.81976700       200.000000    
         283         299   4.40020704       200.000000    
         283         302   6.34232616       200.000000    
         283         364   5.85530901       200.000000    
         283         365   4.74370718       200.000000    
         283         366   6.25484133       200.000000    
         284         286   7.12828541       200.000000    
         284         295   4.52563667       200.000000    
         284         296   5.92695522       200.000000    
         284         297   7.29466391       200.000000    
         284         298   4.57904243       200.000000    
         284         299   4.40270519       200.000000    
         284         302   7.34263754       200.000000    
         284         363   5.83844185       200.000000    
         284         364   5.32877541       200.000000    
         284         365   6.67208433       200.000000    
         285         287   7.22731304       200.000000    
         285         291   7.33864498       200.000000    
         285         294   7.09664822       200.000000    
         285         295   4.22259045       200.000000    
         285         298   7.01340580       200.000000    
         285         361   6.45438051       200.000000    
         285         362   5.41598177       200.000000    
         285         363   4.34155560       200.000000    
         285         364   6.28874731       200.000000    
         286         288   5.57014942       200.000000    
         286         291   4.86669827       200.000000    
         286         292   7.08887148       200.000000    
         286         294   5.95667267       200.000000    
         286         295   5.05844212       200.000000    
         286         361   5.25310278       200.000000    
         286         362   5.56385088       200.000000    
         286         363   6.82586765       200.000000    
         287         289   6.53803349       200.000000    
         287         290   7.38097620       200.000000    
         287         291   4.97885799       200.000000    
         287         360   5.68292713       200.000000    
         287         361   4.22469902       200.000000    
         287         362   6.33307123       200.000000    
         288         290   5.25528479       200.000000    
         288         291   5.00652361       200.000000    
         289         291   5.69668961       200.000000    
         290         292   5.75110769       200.000000    
         290         293   5.36416340       200.000000    
         290         294   6.22636938       200.000000    
         291         293   5.63586044       200.000000    
         291         294   5.50059032       200.000000    
         291         295   5.90020132       200.000000    
         291         361   6.83493137       200.000000    
         291         362   5.86282396       200.000000    
         292         294   5.60345221       200.000000    
         292         295   5.03501987       200.000000    
         292         296   6.07715511       200.000000    
         292         330   5.55052137       200.000000    
         292         331   6.71520090       200.000000    
         292         333   6.93750763       200.000000    
         292         334   5.99839640       200.000000    
         292         362   6.25964594       200.000000    
         293         295   5.67020226       200.000000    
         293         296   5.68813562       200.000000    
         293         297   6.15345001       200.000000    
         293         333   6.84691763       200.000000    
         293         334   6.37196636       200.000000    
         294         296   5.63043737       200.000000    
         294         297   4.89311647       200.000000    
         294         298   5.91256380       200.000000    
         295         297   5.51637411       200.000000    
         295         298   5.06690788       200.000000    
         295         299   6.36872578       200.000000    
         295         362   6.68786383       200.000000    
         295         363   6.07131910       200.000000    
         295         364   5.93033838       200.000000    
         296         298   5.23747730       200.000000    
         296         299   4.81872511       200.000000    
         296         300   6.10281849       200.000000    
         296         334   5.59693193       200.000000    
         296         337   7.47862196       200.000000    
         296         364   5.82368803       200.000000    
         297         299   5.47223473       200.000000    
         297         300   5.36553097       200.000000    
         297         301   6.13525820       200.000000    
         298         300   5.62550068       200.000000    
         298         301   5.33404160       200.000000    
         298         302   5.89380550       200.000000    
         299         301   5.31379843       200.000000    
         299         302   4.94108343       200.000000    
         299         364   6.72666740       200.000000    
         299         365   6.89254427       200.000000    
         299         366   6.50549364       200.000000    
         300         302   5.55472136       200.000000    
         300         305   7.40098095       200.000000    
         300         307   6.33079815       200.000000    
         301         303   6.44680357       200.000000    
         301         305   7.37380552       200.000000    
         301         306   7.03168869       200.000000    
         301         307   5.22325230       200.000000    
         302         304   5.23319626       200.000000    
         302         305   5.60911846       200.000000    
         302         306   6.16346216       200.000000    
         302         307   6.55092669       200.000000    
         303         305   5.33762932       200.000000    
         303         306   4.25542212       200.000000    
         303         307   6.65372229       200.000000    
         304         306   5.51088238       200.000000    
         305         307   5.38829708       200.000000    
         305         308   7.21582890       200.000000    
         306         308   5.48518038       200.000000    
         307         309   6.01654434       200.000000    
         307         310   6.39920807       200.000000    
         308         310   4.97321796       200.000000    
         308         311   7.37161112       200.000000    
         308         384   7.10295916       200.000000    
         309         311   5.60028648       200.000000    
         309         312   6.24539232       200.000000    
         309         371   7.43004179       200.000000    
         309         374   6.30275393       200.000000    
         309         384   7.27930593       200.000000    
         310         312   5.16448593       200.000000    
         310         313   5.13539553       200.000000    
         310         341   7.23279810       200.000000    
         310         342   6.33156443       200.000000    
         310         368   7.38065004       200.000000    
         310         371   7.02361202       200.000000    
         311         313   5.55839205       200.000000    
         311         341   5.69663477       200.000000    
         311         342   4.74733782       200.000000    
         311         343   5.98963499       200.000000    
         312         314   6.52305746       200.000000    
         312         342   6.58221197       200.000000    
         312         343   6.27897167       200.000000    
         312         371   6.64593506       200.000000    
         312         374   7.49218369       200.000000    
         313         315   5.59508562       200.000000    
         313         342   5.69749880       200.000000    
         313         343   6.34098196       200.000000    
         313         346   6.89235687       200.000000    
         313         368   6.51029634       200.000000    
         313         369   6.02560377       200.000000    
         313         370   5.55594969       200.000000    
         313         371   5.60700703       200.000000    
         314         316   7.46480608       200.000000    
         314         343   6.78041220       200.000000    
         314         345   7.37769604       200.000000    
         314         346   4.64800644       200.000000    
         314         347   6.78716326       200.000000    
         314         369   6.16829109       200.000000    
         314         370   5.44796419       200.000000    
         315         317   7.31965685       200.000000    
         315         346   4.50483179       200.000000    
         315         347   4.61437941       200.000000    
         315         348   5.57969952       200.000000    
         315         368   6.11634779       200.000000    
         315         369   5.34749460       200.000000    
         315         370   6.90022469       200.000000    
         316         318   6.45473194       200.000000    
         316         347   6.49423790       200.000000    
         316         348   4.76091290       200.000000    
         316         349   6.34715986       200.000000    
         316         366   6.92779779       200.000000    
         316         367   5.38147449       200.000000    
         316         368   4.53208017       200.000000    
         316         369   5.86699772       200.000000    
         317         319   6.66300821       200.000000    
         317         348   5.83274269       200.000000    
         317         349   4.86156607       200.000000    
         317         350   5.83329535       200.000000    
         317         366   5.97541380       200.000000    
         317         367   5.04168701       200.000000    
         317         368   6.73130703       200.000000    
         318         320   6.46432209       200.000000    
         318         335   7.42126322       200.000000    
         318         348   7.49490452       200.000000    
         318         349   6.22303867       200.000000    
         318         350   4.60203886       200.000000    
         318         351   6.33636522       200.000000    
         318         364   7.01184607       200.000000    
         318         365   5.86923504       200.000000    
         318         366   4.92116165       200.000000    
         318         367   6.50562096       200.000000    
         319         321   6.41962910       200.000000    
         319         350   5.88556194       200.000000    
         319         351   4.96882296       200.000000    
         319         352   5.94355917       200.000000    
         319         364   5.83355188       200.000000    
         319         365   5.35657072       200.000000    
         319         366   6.80893278       200.000000    
         320         322   6.73770571       200.000000    
         320         331   6.32161617       200.000000    
         320         351   6.19129896       200.000000    
         320         352   4.62588263       200.000000    
         320         353   6.26588869       200.000000    
         320         362   7.15145588       200.000000    
         320         363   5.76223803       200.000000    
         320         364   4.72436333       200.000000    
         320         365   6.62650061       200.000000    
         321         323   7.39015436       200.000000    
         321         352   5.68065453       200.000000    
         321         353   4.89840937       200.000000    
         321         354   5.55390930       200.000000    
         321         355   6.00940752       200.000000    
         321         362   5.75000811       200.000000    
         321         363   5.13697624       200.000000    
         321         364   6.43608046       200.000000    
         322         324   6.78991699       200.000000    
         322         326   5.70505428       200.000000    
         322         353   6.76241159       200.000000    
         322         354   5.12768650       200.000000    
         322         355   5.31118536       200.000000    
         322         358   6.02196980       200.000000    
         322         360   7.05997467       200.000000    
         322         361   6.04866457       200.000000    
         322         362   4.32001257       200.000000    
         322         363   6.13498211       200.000000    
         323         325   5.39060974       200.000000    
         323         326   5.68136072       200.000000    
         323         354   5.59505987       200.000000    
         323         355   5.69385195       200.000000    
         323         356   6.60456181       200.000000    
         323         357   7.28431654       200.000000    
         323         358   5.39750290       200.000000    
         323         359   5.51371956       200.000000    
         323         360   5.54860258       200.000000    
         323         361   6.83289528       200.000000    
         323         362   7.04527617       200.000000    
         324         326   5.55776119       200.000000    
         324         354   5.93138075       200.000000    
         325         327   6.38153410       200.000000    
         326         328   6.96630859       200.000000    
         326         330   6.92161989       200.000000    
         326         354   7.24357653       200.000000    
         327         329   5.21516848       200.000000    
         327         330   5.66387320       200.000000    
         327         331   6.71992254       200.000000    
         328         330   5.65450001       200.000000    
         328         331   5.17987156       200.000000    
         328         332   6.02428198       200.000000    
         328         352   7.23637915       200.000000    
         329         331   5.20940828       200.000000    
         329         332   4.79789400       200.000000    
         329         333   6.14582253       200.000000    
         330         332   5.43378925       200.000000    
         330         333   5.07740593       200.000000    
         330         334   6.54372501       200.000000    
         331         333   5.35651207       200.000000    
         331         334   5.14152002       200.000000    
         331         335   6.42618465       200.000000    
         331         352   6.46214676       200.000000    
         332         334   5.49965858       200.000000    
         332         335   5.20206261       200.000000    
         332         336   5.91201496       200.000000    
         333         335   5.44900608       200.000000    
         333         336   5.03342438       200.000000    
         333         337   6.12607718       200.000000    
         334         336   5.43214560       200.000000    
         334         337   5.24099302       200.000000    
         334         338   6.32697058       200.000000    
         335         337   5.34518576       200.000000    
         335         338   4.96137905       200.000000    
         335         339   5.93516207       200.000000    
         335         350   7.04806900       200.000000    
         336         338   5.54449844       200.000000    
         336         339   5.12350941       200.000000    
         336         340   6.73826456       200.000000    
         337         339   5.72658491       200.000000    
         337         340   5.77621269       200.000000    
         337         341   7.38624859       200.000000    
         338         340   5.51291227       200.000000    
         338         341   5.61718941       200.000000    
         338         342   6.75997639       200.000000    
         339         341   5.52784014       200.000000    
         339         342   5.62980843       200.000000    
         339         344   7.32427406       200.000000    
         339         348   7.41719007       200.000000    
         340         342   5.70355320       200.000000    
         340         344   7.35054111       200.000000    
         341         343   6.63403273       200.000000    
         342         344   6.24566936       200.000000    
         342         346   6.55827236       200.000000    
         343         345   5.25073099       200.000000    
         343         346   5.33879805       200.000000    
         344         346   5.67394018       200.000000    
         345         347   6.44210482       200.000000    
         346         348   6.37628746       200.000000    
         347         349   6.70372152       200.000000    
         348         350   6.28363800       200.000000    
         349         351   7.06349564       200.000000    
         350         352   7.17638969       200.000000    
         351         353   6.63387966       200.000000    
         352         354   7.02564240       200.000000    
         353         355   6.52932644       200.000000    
         354         356   6.27146673       200.000000    
         355         357   5.53318596       200.000000    
         355         358   5.55518818       200.000000    
         356         358   5.97525597       200.000000    
         357         359   5.83693027       200.000000    
         358         360   5.81760311       200.000000    
         358         361   5.71266413       200.000000    
         358         362   7.38784313       200.000000    
         359         361   6.19367123       200.000000    
         360         362   6.74868965       200.000000    
         361         363   6.56660938       200.000000    
         362         364   6.78413105       200.000000    
         363         365   6.61267567       200.000000    
         364         366   6.40377998       200.000000    
         365         367   6.83859777       200.000000    
         366         368   6.39191437       200.000000    
         367         369   6.40084171       200.000000    
         368         370   6.85188103       200.000000    
         368         371   7.25403118       200.000000    
         369         371   5.60050774       200.000000    
         370         372   5.49011374       200.000000    
         370         373   7.27303839       200.000000    
         371         373   5.43570566       200.000000    
         371         374   5.32162571       200.000000    
         371         375   6.70810652       200.000000    
         372         374   5.42938185       200.000000    
         372         375   5.26839495       200.000000    
         372         376   7.38715172       200.000000    
         373         375   5.72111273       200.000000    
         374         376   7.11722279       200.000000    
         374         384   5.82272863       200.000000    
         375         377   6.74852133       200.000000    
         375         382   6.34956837       200.000000    
         375         383   5.71145725       200.000000    
         375         384   4.60213852       200.000000    
         376         378   6.43341923       200.000000    
         376         382   5.74284029       200.000000    
         376         383   5.53965187       200.000000    
         376         384   6.66847229       200.000000    
         377         379   6.83368397       200.000000    
         377         381   6.34854698       200.000000    
         377         382   5.09604692       200.000000    
         377         383   6.88337660       200.000000    
         378         380   5.03401947       200.000000    
         378         381   5.24300385       200.000000    
         378         382   6.01889563       200.000000    
         378         383   7.49089241       200.000000    
         379         381   5.70303011       200.000000    
         380         382   7.23004055       200.000000    
         381         383   6.49570894       200.000000    
         382         384   6.75094652       200.000000    
